209
350.0 300
354.3588989435407 301
356.0 302
357.14142842854284 303
358.0 304
358.66025403784437 305
359.16515138991167 306
359.53939201416944 307
359.7979589711327 308
359.9498743710662 309
360.0 310
359.9498743710662 311
359.7979589711327 312
359.53939201416944 313
359.16515138991167 314
358.66025403784437 315
358.0 316
357.14142842854284 317
356.0 318
354.3588989435407 319
350.0 320
250.0 300
245.64110105645932 301
244.0 302
242.85857157145716 303
242.0 304
241.3397459621556 305
240.83484861008833 306
240.46060798583053 307
240.20204102886728 308
240.0501256289338 309
240.0 310
240.0501256289338 311
240.20204102886728 312
240.46060798583053 313
240.83484861008833 314
241.3397459621556 315
242.0 316
242.85857157145716 317
244.0 318
245.64110105645932 319
250.0 320
250.0 305
253.0 306
254.0 307
254.58257569495584 308
254.89897948556634 309
255.0 310
254.89897948556634 311
254.58257569495584 312
254.0 313
253.0 314
250.0 315
247.0 314
246.0 313
245.41742430504416 312
245.10102051443366 311
245.0 310
245.10102051443366 309
245.41742430504416 308
246.0 307
247.0 306
275.0 305
278.0 306
279.0 307
279.58257569495584 308
279.8989794855664 309
280.0 310
279.8989794855664 311
279.58257569495584 312
279.0 313
278.0 314
275.0 315
272.0 314
271.0 313
270.41742430504416 312
270.1010205144336 311
270.0 310
270.1010205144336 309
270.41742430504416 308
271.0 307
272.0 306
300.0 305
303.0 306
304.0 307
304.58257569495584 308
304.8989794855664 309
305.0 310
304.8989794855664 311
304.58257569495584 312
304.0 313
303.0 314
300.0 315
297.0 314
296.0 313
295.41742430504416 312
295.1010205144336 311
295.0 310
295.1010205144336 309
295.41742430504416 308
296.0 307
297.0 306
325.0 305
328.0 306
329.0 307
329.58257569495584 308
329.8989794855664 309
330.0 310
329.8989794855664 311
329.58257569495584 312
329.0 313
328.0 314
325.0 315
322.0 314
321.0 313
320.41742430504416 312
320.1010205144336 311
320.0 310
320.1010205144336 309
320.41742430504416 308
321.0 307
322.0 306
350.0 305
353.0 306
354.0 307
354.58257569495584 308
354.8989794855664 309
355.0 310
354.8989794855664 311
354.58257569495584 312
354.0 313
353.0 314
350.0 315
347.0 314
346.0 313
345.41742430504416 312
345.1010205144336 311
345.0 310
345.1010205144336 309
345.41742430504416 308
346.0 307
347.0 306
270.0 300.0
270.0 280.0
330.0 280.0
330.0 300.0
271 281.82784171100406
272 281.3399624957501
273 280.87301800362206
274 280.4265159655741
275 280.0
276 279.59304675784415
277 279.20526338571733
278 278.8362852665079
279 278.4857740030812
280 278.15341561573507
281 277.8389189283198
282 277.5420141214912
283 277.26245143456754
284 277.0
285 276.7544467966324
286 276.5255957097666
287 276.31326668763734
288 276.1172949852622
289 275.9375304878121
290 275.77383710667436
291 275.62609224227566
292 275.49418630851943
293 275.37802231438593
294 275.2775154988624
295 275.1925930159214
296 275.12319366676564
297 275.06926767700827
298 275.03077651687687
299 275.0076927629123
300 275.0
301 275.0076927629123
302 275.03077651687687
303 275.06926767700827
304 275.12319366676564
305 275.1925930159214
306 275.2775154988624
307 275.37802231438593
308 275.49418630851943
309 275.62609224227566
310 275.77383710667436
311 275.9375304878121
312 276.1172949852622
313 276.31326668763734
314 276.5255957097666
315 276.7544467966324
316 277.0
317 277.26245143456754
318 277.5420141214912
319 277.8389189283198
320 278.15341561573507
321 278.4857740030812
322 278.8362852665079
323 279.20526338571733
324 279.59304675784415
325 280.0
326 280.4265159655741
327 280.87301800362206
328 281.3399624957501
329 281.82784171100406
286 265
296 265
296 270
290 270
210
161 205
205 206
206 207
207 208
208 165
146 147
147 148
148 149
149 150
150 151
151 152
152 153
153 154
154 155
155 156
156 157
157 158
158 159
159 160
160 161
161 162
162 163
163 164
164 165
165 166
166 167
167 168
168 169
169 170
170 171
171 172
172 173
173 174
174 175
175 176
176 177
177 178
178 179
179 180
180 181
181 182
182 183
183 184
184 185
185 186
186 187
187 188
188 189
189 190
190 191
191 192
192 193
193 194
194 195
195 196
196 197
197 198
198 199
199 200
200 201
201 202
202 203
203 204
204 144
143 146
142 143
143 144
144 145
0 1
1 2
2 3
3 4
4 5
5 6
6 7
7 8
8 9
9 10
10 11
11 12
12 13
13 14
14 15
15 16
16 17
17 18
18 19
19 20
20 41
21 22
22 23
23 24
24 25
25 26
26 27
27 28
28 29
29 30
30 31
31 32
32 33
33 34
34 35
35 36
36 37
37 38
38 39
39 40
40 41
0 21
42 43
43 44
44 45
45 46
46 47
47 48
48 49
49 50
50 51
51 52
52 53
53 54
54 55
55 56
56 57
57 58
58 59
59 60
60 61
61 42
62 63
63 64
64 65
65 66
66 67
67 68
68 69
69 70
70 71
71 72
72 73
73 74
74 75
75 76
76 77
77 78
78 79
79 80
80 81
81 62
82 83
83 84
84 85
85 86
86 87
87 88
88 89
89 90
90 91
91 92
92 93
93 94
94 95
95 96
96 97
97 98
98 99
99 100
100 101
101 82
102 103
103 104
104 105
105 106
106 107
107 108
108 109
109 110
110 111
111 112
112 113
113 114
114 115
115 116
116 117
117 118
118 119
119 120
120 121
121 102
122 123
123 124
124 125
125 126
126 127
127 128
128 129
129 130
130 131
131 132
132 133
133 134
134 135
135 136
136 137
137 138
138 139
139 140
140 141
141 122
